Date,Open,High,Low,Close,Adj Close,Volume
2022-12-13,230.059998,230.059998,230.059998,230.059998,219.318024,0
2022-12-14,228.070007,228.070007,228.070007,228.070007,217.420959,0
2022-12-15,222.830002,222.830002,222.830002,222.830002,212.425613,0
2022-12-16,221.050003,221.050003,221.050003,221.050003,210.728729,0
2022-12-19,211.839996,211.839996,211.839996,211.839996,209.453262,0
2022-12-20,212.380005,212.380005,212.380005,212.380005,209.987183,0
2022-12-21,215.220001,215.220001,215.220001,215.220001,212.795181,0
2022-12-22,213.350006,213.350006,213.350006,213.350006,210.946259,0
2022-12-23,215.039993,215.039993,215.039993,215.039993,212.617203,0
2022-12-27,214.809998,214.809998,214.809998,214.809998,212.389801,0
2022-12-28,212.429993,212.429993,212.429993,212.429993,210.036606,0
2022-12-29,215.669998,215.669998,215.669998,215.669998,213.240112,0
2022-12-30,215.710007,215.710007,215.710007,215.710007,213.279663,0
2023-01-03,215.649994,215.649994,215.649994,215.649994,213.220322,0
2023-01-04,217.990005,217.990005,217.990005,217.990005,215.533981,0
2023-01-05,216.429993,216.429993,216.429993,216.429993,213.991547,0
2023-01-06,220.880005,220.880005,220.880005,220.880005,218.391418,0
2023-01-09,220.330002,220.330002,220.330002,220.330002,217.847610,0
2023-01-10,221.740005,221.740005,221.740005,221.740005,219.241730,0
2023-01-11,223.330002,223.330002,223.330002,223.330002,220.813812,0
2023-01-12,224.669998,224.669998,224.669998,224.669998,222.138702,0
2023-01-13,225.559998,225.559998,225.559998,225.559998,223.018677,0
2023-01-17,224.960007,224.960007,224.960007,224.960007,222.425446,0
2023-01-18,221.770004,221.770004,221.770004,221.770004,219.271393,0
2023-01-19,220.350006,220.350006,220.350006,220.350006,217.867386,0
2023-01-20,223.839996,223.839996,223.839996,223.839996,221.318054,0
2023-01-23,226.190002,226.190002,226.190002,226.190002,223.641586,0
2023-01-24,225.710007,225.710007,225.710007,225.710007,223.166992,0
2023-01-25,227.399994,227.399994,227.399994,227.399994,224.837952,0
2023-01-26,229.660004,229.660004,229.660004,229.660004,227.072495,0
2023-01-27,229.020004,229.020004,229.020004,229.020004,226.439697,0
2023-01-30,226.619995,226.619995,226.619995,226.619995,224.066727,0
2023-01-31,230.000000,230.000000,230.000000,230.000000,227.408661,0
2023-02-01,231.020004,231.020004,231.020004,231.020004,228.417175,0
2023-02-02,232.610001,232.610001,232.610001,232.610001,229.989258,0
2023-02-03,230.880005,230.880005,230.880005,230.880005,228.278748,0
2023-02-06,229.720001,229.720001,229.720001,229.720001,227.131805,0
2023-02-07,232.889999,232.889999,232.889999,232.889999,230.266098,0
2023-02-08,230.929993,230.929993,230.929993,230.929993,228.328171,0
2023-02-09,229.199997,229.199997,229.199997,229.199997,226.617661,0
2023-02-10,230.020004,230.020004,230.020004,230.020004,227.428436,0
2023-02-13,231.690002,231.690002,231.690002,231.690002,229.079620,0
2023-02-14,231.869995,231.869995,231.869995,231.869995,229.257584,0
2023-02-15,231.830002,231.830002,231.830002,231.830002,229.218048,0
2023-02-16,229.759995,229.759995,229.759995,229.759995,227.171356,0
2023-02-17,229.399994,229.399994,229.399994,229.399994,226.815414,0
2023-02-21,225.050003,225.050003,225.050003,225.050003,222.514435,0
2023-02-22,224.440002,224.440002,224.440002,224.440002,221.911301,0
2023-02-23,225.070007,225.070007,225.070007,225.070007,222.534210,0
2023-02-24,223.610001,223.610001,223.610001,223.610001,221.090652,0
2023-02-27,223.710007,223.710007,223.710007,223.710007,221.189529,0
2023-02-28,222.500000,222.500000,222.500000,222.500000,219.993164,0
2023-03-01,222.210007,222.210007,222.210007,222.210007,219.706436,0
2023-03-02,222.770004,222.770004,222.770004,222.770004,220.260117,0
2023-03-03,225.869995,225.869995,225.869995,225.869995,223.325180,0
2023-03-06,225.369995,225.369995,225.369995,225.369995,222.830811,0
2023-03-07,221.690002,221.690002,221.690002,221.690002,219.192291,0
2023-03-08,221.720001,221.720001,221.720001,221.720001,219.221939,0
2023-03-09,216.240005,216.240005,216.240005,216.240005,213.803696,0
2023-03-10,212.119995,212.119995,212.119995,212.119995,209.730103,0
2023-03-13,207.419998,207.419998,207.419998,207.419998,205.083054,0
2023-03-14,211.649994,211.649994,211.649994,211.649994,209.265396,0
2023-03-15,208.800003,208.800003,208.800003,208.800003,206.447510,0
2023-03-16,212.070007,212.070007,212.070007,212.070007,209.680679,0
2023-03-17,208.979996,208.979996,208.979996,208.979996,206.625473,0
2023-03-20,210.910004,210.910004,210.910004,210.910004,208.533737,0
2023-03-21,215.000000,215.000000,215.000000,215.000000,212.577652,0
2023-03-22,210.580002,210.580002,210.580002,210.580002,208.207458,0
2023-03-23,210.169998,210.169998,210.169998,210.169998,207.802078,0
2023-03-24,210.690002,210.690002,210.690002,210.690002,208.316223,0
2023-03-27,212.839996,212.839996,212.839996,212.839996,210.441986,0
2023-03-28,210.570007,210.570007,210.570007,210.570007,210.570007,0
2023-03-29,213.369995,213.369995,213.369995,213.369995,213.369995,0
2023-03-30,213.839996,213.839996,213.839996,213.839996,213.839996,0
2023-03-31,216.470001,216.470001,216.470001,216.470001,216.470001,0
2023-04-03,217.809998,217.809998,217.809998,217.809998,217.809998,0
2023-04-04,215.699997,215.699997,215.699997,215.699997,215.699997,0
2023-04-05,216.039993,216.039993,216.039993,216.039993,216.039993,0
2023-04-06,216.929993,216.929993,216.929993,216.929993,216.929993,0
2023-04-10,217.830002,217.830002,217.830002,217.830002,217.830002,0
2023-04-11,218.779999,218.779999,218.779999,218.779999,218.779999,0
2023-04-12,218.050003,218.050003,218.050003,218.050003,218.050003,0
2023-04-13,220.270004,220.270004,220.270004,220.270004,220.270004,0
2023-04-14,219.880005,219.880005,219.880005,219.880005,219.880005,0
2023-04-17,220.429993,220.429993,220.429993,220.429993,220.429993,0
2023-04-18,220.350006,220.350006,220.350006,220.350006,220.350006,0
2023-04-19,220.449997,220.449997,220.449997,220.449997,220.449997,0
2023-04-20,218.729996,218.729996,218.729996,218.729996,218.729996,0
2023-04-21,218.750000,218.750000,218.750000,218.750000,218.750000,0
2023-04-24,219.039993,219.039993,219.039993,219.039993,219.039993,0
2023-04-25,215.770004,215.770004,215.770004,215.770004,215.770004,0
2023-04-26,213.589996,213.589996,213.589996,213.589996,213.589996,0
2023-04-27,217.289993,217.289993,217.289993,217.289993,217.289993,0
2023-04-28,218.949997,218.949997,218.949997,218.949997,218.949997,0
2023-05-01,218.690002,218.690002,218.690002,218.690002,218.690002,0
2023-05-02,215.440002,215.440002,215.440002,215.440002,215.440002,0
2023-05-03,213.770004,213.770004,213.770004,213.770004,213.770004,0
2023-05-04,211.089996,211.089996,211.089996,211.089996,211.089996,0
2023-05-05,215.389999,215.389999,215.389999,215.389999,215.389999,0
2023-05-08,214.979996,214.979996,214.979996,214.979996,214.979996,0
2023-05-09,214.009995,214.009995,214.009995,214.009995,214.009995,0
2023-05-10,213.139999,213.139999,213.139999,213.139999,213.139999,0
2023-05-11,213.089996,213.089996,213.089996,213.089996,213.089996,0
2023-05-12,212.550003,212.550003,212.550003,212.550003,212.550003,0
2023-05-15,214.669998,214.669998,214.669998,214.669998,214.669998,0
2023-05-16,212.850006,212.850006,212.850006,212.850006,212.850006,0
2023-05-17,216.320007,216.320007,216.320007,216.320007,216.320007,0
2023-05-18,217.539993,217.539993,217.539993,217.539993,217.539993,0
2023-05-19,217.639999,217.639999,217.639999,217.639999,217.639999,0
2023-05-22,218.399994,218.399994,218.399994,218.399994,218.399994,0
2023-05-23,217.110001,217.110001,217.110001,217.110001,217.110001,0
2023-05-24,214.570007,214.570007,214.570007,214.570007,214.570007,0
2023-05-25,214.669998,214.669998,214.669998,214.669998,214.669998,0
2023-05-26,216.619995,216.619995,216.619995,216.619995,216.619995,0
2023-05-30,215.929993,215.929993,215.929993,215.929993,215.929993,0
2023-05-31,213.770004,213.770004,213.770004,213.770004,213.770004,0
2023-06-01,215.619995,215.619995,215.619995,215.619995,215.619995,0
2023-06-02,220.330002,220.330002,220.330002,220.330002,220.330002,0
2023-06-05,219.449997,219.449997,219.449997,219.449997,219.449997,0
2023-06-06,221.130005,221.130005,221.130005,221.130005,221.130005,0
2023-06-07,222.059998,222.059998,222.059998,222.059998,222.059998,0
2023-06-08,222.380005,222.380005,222.380005,222.380005,222.380005,0
2023-06-09,222.000000,222.000000,222.000000,222.000000,222.000000,0
2023-06-12,223.080002,223.080002,223.080002,223.080002,223.080002,0
2023-06-13,224.990005,224.990005,224.990005,224.990005,224.990005,0
2023-06-14,224.160004,224.160004,224.160004,224.160004,224.160004,0
2023-06-15,227.149994,227.149994,227.149994,227.149994,227.149994,0
2023-06-16,226.440002,226.440002,226.440002,226.440002,226.440002,0
2023-06-20,224.559998,224.559998,224.559998,224.559998,224.559998,0
2023-06-21,223.869995,223.869995,223.869995,223.869995,223.869995,0
2023-06-22,223.389999,223.389999,223.389999,223.389999,223.389999,0
2023-06-23,222.110001,222.110001,222.110001,222.110001,222.110001,0
2023-06-26,222.309998,222.309998,222.309998,222.309998,222.309998,0
2023-06-27,223.639999,223.639999,223.639999,223.639999,223.639999,0
2023-06-28,223.770004,223.770004,223.770004,223.770004,223.770004,0
2023-06-29,225.529999,225.529999,225.529999,225.529999,225.529999,0
2023-06-30,227.429993,227.429993,227.429993,227.429993,227.429993,0
2023-07-03,228.270004,228.270004,228.270004,228.270004,228.270004,0
2023-07-05,227.410004,227.410004,227.410004,227.410004,227.410004,0
2023-07-06,225.139999,225.139999,225.139999,225.139999,225.139999,0
2023-07-07,225.690002,225.690002,225.690002,225.690002,225.690002,0
2023-07-10,226.699997,226.699997,226.699997,226.699997,226.699997,0
2023-07-11,229.529999,229.529999,229.529999,229.529999,229.529999,0
2023-07-12,230.710007,230.710007,230.710007,230.710007,230.710007,0
2023-07-13,232.919998,232.919998,232.919998,232.919998,232.919998,0
2023-07-14,231.009995,231.009995,231.009995,231.009995,231.009995,0
2023-07-17,231.729996,231.729996,231.729996,231.729996,231.729996,0
2023-07-18,235.369995,235.369995,235.369995,235.369995,235.369995,0
2023-07-19,236.679993,236.679993,236.679993,236.679993,236.679993,0
2023-07-20,237.020004,237.020004,237.020004,237.020004,237.020004,0
2023-07-21,236.610001,236.610001,236.610001,236.610001,236.610001,0
2023-07-24,237.250000,237.250000,237.250000,237.250000,237.250000,0
2023-07-25,237.240005,237.240005,237.240005,237.240005,237.240005,0
2023-07-26,237.600006,237.600006,237.600006,237.600006,237.600006,0
2023-07-27,236.630005,236.630005,236.630005,236.630005,236.630005,0
2023-07-28,237.669998,237.669998,237.669998,237.669998,237.669998,0
2023-07-31,238.649994,238.649994,238.649994,238.649994,238.649994,0
2023-08-01,237.690002,237.690002,237.690002,237.690002,237.690002,0
2023-08-02,234.649994,234.649994,234.649994,234.649994,234.649994,0
2023-08-03,234.630005,234.630005,234.630005,234.630005,234.630005,0
2023-08-04,234.889999,234.889999,234.889999,234.889999,234.889999,0
2023-08-07,237.490005,237.490005,237.490005,237.490005,237.490005,0
2023-08-08,236.949997,236.949997,236.949997,236.949997,236.949997,0
2023-08-09,235.830002,235.830002,235.830002,235.830002,235.830002,0
2023-08-10,235.929993,235.929993,235.929993,235.929993,235.929993,0
2023-08-11,236.369995,236.369995,236.369995,236.369995,236.369995,0
2023-08-14,235.789993,235.789993,235.789993,235.789993,235.789993,0
2023-08-15,232.869995,232.869995,232.869995,232.869995,232.869995,0
2023-08-16,230.460007,230.460007,230.460007,230.460007,230.460007,0
2023-08-17,229.300003,229.300003,229.300003,229.300003,229.300003,0
2023-08-18,229.369995,229.369995,229.369995,229.369995,229.369995,0
2023-08-21,230.179993,230.179993,230.179993,230.179993,230.179993,0
2023-08-22,228.550003,228.550003,228.550003,228.550003,228.550003,0
2023-08-23,230.279999,230.279999,230.279999,230.279999,230.279999,0
2023-08-24,228.300003,228.300003,228.300003,228.300003,228.300003,0
2023-08-25,229.179993,229.179993,229.179993,229.179993,229.179993,0
2023-08-28,231.369995,231.369995,231.369995,231.369995,231.369995,0
2023-08-29,233.759995,233.759995,233.759995,233.759995,233.759995,0
2023-08-30,233.820007,233.820007,233.820007,233.820007,233.820007,0
2023-08-31,233.050003,233.050003,233.050003,233.050003,233.050003,0
2023-09-01,234.259995,234.259995,234.259995,234.259995,234.259995,0
2023-09-05,232.479996,232.479996,232.479996,232.479996,232.479996,0
2023-09-06,231.490005,231.490005,231.490005,231.490005,231.490005,0
2023-09-07,230.759995,230.759995,230.759995,230.759995,230.759995,0
2023-09-08,232.220001,232.220001,232.220001,232.220001,232.220001,0
2023-09-11,233.350006,233.350006,233.350006,233.350006,233.350006,0
2023-09-12,234.029999,234.029999,234.029999,234.029999,234.029999,0
2023-09-13,233.279999,233.279999,233.279999,233.279999,233.279999,0
2023-09-14,236.080002,236.080002,236.080002,236.080002,236.080002,0
2023-09-15,234.279999,234.279999,234.279999,234.279999,234.279999,0
2023-09-18,234.070007,234.070007,234.070007,234.070007,234.070007,0
2023-09-19,233.789993,233.789993,233.789993,233.789993,233.789993,0
2023-09-20,231.960007,231.960007,231.960007,231.960007,231.960007,0
2023-09-21,231.960007,231.960007,231.960007,231.960007,231.960007,0
2023-09-22,228.110001,228.110001,228.110001,228.110001,228.110001,0
2023-09-25,229.080002,229.080002,229.080002,229.080002,229.080002,0
2023-09-26,225.289993,225.289993,225.289993,225.289993,225.289993,0
2023-09-27,225.789993,225.789993,225.789993,225.789993,225.789993,0
2023-09-28,227.149994,227.149994,227.149994,227.149994,227.149994,0
2023-09-29,226.300003,226.300003,226.300003,226.300003,226.300003,0
2023-10-02,224.369995,224.369995,224.369995,224.369995,224.369995,0
2023-10-03,221.130005,221.130005,221.130005,221.130005,221.130005,0
2023-10-04,221.500000,221.500000,221.500000,221.500000,221.500000,0
2023-10-05,221.070007,221.070007,221.070007,221.070007,221.070007,0
2023-10-06,223.300003,223.300003,223.300003,223.300003,223.300003,0
2023-10-09,224.910004,224.910004,224.910004,224.910004,224.910004,0
2023-10-10,226.610001,226.610001,226.610001,226.610001,226.610001,0
2023-10-11,227.399994,227.399994,227.399994,227.399994,227.399994,0
2023-10-12,225.630005,225.630005,225.630005,225.630005,225.630005,0
2023-10-13,225.119995,225.119995,225.119995,225.119995,225.119995,0
2023-10-16,228.190002,228.190002,228.190002,228.190002,228.190002,0
2023-10-17,228.759995,228.759995,228.759995,228.759995,228.759995,0
2023-10-18,225.869995,225.869995,225.869995,225.869995,225.869995,0
2023-10-19,222.899994,222.899994,222.899994,222.899994,222.899994,0
2023-10-20,220.100006,220.100006,220.100006,220.100006,220.100006,0
2023-10-23,218.710007,218.710007,218.710007,218.710007,218.710007,0
2023-10-24,220.880005,220.880005,220.880005,220.880005,220.880005,0
2023-10-25,218.330002,218.330002,218.330002,218.330002,218.330002,0
2023-10-26,217.259995,217.259995,217.259995,217.259995,217.259995,0
2023-10-27,213.630005,213.630005,213.630005,213.630005,213.630005,0
2023-10-30,216.479996,216.479996,216.479996,216.479996,216.479996,0
2023-10-31,218.419998,218.419998,218.419998,218.419998,218.419998,0
2023-11-01,219.820007,219.820007,219.820007,219.820007,219.820007,0
2023-11-02,223.889999,223.889999,223.889999,223.889999,223.889999,0
2023-11-03,226.419998,226.419998,226.419998,226.419998,226.419998,0
2023-11-06,225.619995,225.619995,225.619995,225.619995,225.619995,0
2023-11-07,224.949997,224.949997,224.949997,224.949997,224.949997,0
2023-11-08,225.130005,225.130005,225.130005,225.130005,225.130005,0
2023-11-09,222.520004,222.520004,222.520004,222.520004,222.520004,0
2023-11-10,225.360001,225.360001,225.360001,225.360001,225.360001,0
2023-11-13,224.820007,224.820007,224.820007,224.820007,224.820007,0
2023-11-14,228.919998,228.919998,228.919998,228.919998,228.919998,0
2023-11-15,229.860001,229.860001,229.860001,229.860001,229.860001,0
2023-11-16,229.089996,229.089996,229.089996,229.089996,229.089996,0
2023-11-17,230.880005,230.880005,230.880005,230.880005,230.880005,0
2023-11-20,231.350006,231.350006,231.350006,231.350006,231.350006,0
2023-11-21,231.210007,231.210007,231.210007,231.210007,231.210007,0
2023-11-22,232.339996,232.339996,232.339996,232.339996,232.339996,0
2023-11-24,233.100006,233.100006,233.100006,233.100006,233.100006,0
2023-11-27,232.100006,232.100006,232.100006,232.100006,232.100006,0
2023-11-28,232.410004,232.410004,232.410004,232.410004,232.410004,0
2023-11-29,233.169998,233.169998,233.169998,233.169998,233.169998,0
2023-11-30,234.770004,234.770004,234.770004,234.770004,234.770004,0
2023-12-01,237.089996,237.089996,237.089996,237.089996,237.089996,0
2023-12-04,236.750000,236.750000,236.750000,236.750000,236.750000,0
2023-12-05,234.880005,234.880005,234.880005,234.880005,234.880005,0
2023-12-06,234.440002,234.440002,234.440002,234.440002,234.440002,0
2023-12-07,236.350006,236.350006,236.350006,236.350006,236.350006,0
2023-12-08,237.690002,237.690002,237.690002,237.690002,237.690002,0
2023-12-11,239.839996,239.839996,239.839996,239.839996,239.839996,0
2023-12-12,239.809998,239.809998,239.809998,239.809998,239.809998,0